    Date       Min    Max 
2 - 1 - 2020  88,51  89,73
3 - 1 - 2020  87,9  89,39
6 - 1 - 2020  87,98  89,62
7 - 1 - 2020  88,26  89,965
8 - 1 - 2020  88,82  90,06
9 - 1 - 2020  89,05  90,44
10 - 1 - 2020  88,83  90,39
13 - 1 - 2020  87,915  89,8
14 - 1 - 2020  86,77  88,435
15 - 1 - 2020  88  89,88
16 - 1 - 2020  88,92  89,795
17 - 1 - 2020  87,79  89,699
21 - 1 - 2020  87,565  88,53
22 - 1 - 2020  87,04  88,3
23 - 1 - 2020  84,99  87,31
24 - 1 - 2020  82,76  85,72
27 - 1 - 2020  82,413  85,93
28 - 1 - 2020  83,25  85,4
29 - 1 - 2020  83  84,369
30 - 1 - 2020  81,18  83,35
31 - 2 - 2020  80,41  82,6
3 - 2 - 2020  80,92  82,6
4 - 2 - 2020  82,3  84,71
5 - 2 - 2020  84,88  87,135
6 - 2 - 2020  86,22  88,18
7 - 2 - 2020  88,88  92,98
10 - 2 - 2020  92  95,5
11 - 2 - 2020  94,736  97,08
12 - 2 - 2020  95,71  97,98
13 - 2 - 2020  95,23  97,79
14 - 2 - 2020  93,77  95,75
18 - 2 - 2020  93,26  94,5
19 - 2 - 2020  93,02  94,79
20 - 2 - 2020  92,59  94,5
21 - 2 - 2020  93,38  95,518
24 - 2 - 2020  91,9  93,87
25 - 2 - 2020  88,11  93,8
26 - 2 - 2020  88  91,175
27 - 2 - 2020  84,204  89,45
28 - 3 - 2020  81,58  86,4
2 - 3 - 2020  83,55  88,93
3 - 3 - 2020  85,66  90,9
4 - 3 - 2020  88,95  91,99
5 - 3 - 2020  89,43  91,712
6 - 3 - 2020  87,26  89,76
9 - 3 - 2020  82,43  87,34
10 - 3 - 2020  83,76  88,69
11 - 3 - 2020  83,57  86,64
12 - 3 - 2020  76,64  81,29
13 - 3 - 2020  80,695  86,32
16 - 3 - 2020  73,58  82,18
17 - 3 - 2020  69,99  77,71
18 - 3 - 2020  64,685  71,4
19 - 3 - 2020  65,33  74,85
20 - 3 - 2020  66,81  73,47
23 - 3 - 2020  62,55  69,49
24 - 3 - 2020  66,53  71,82
25 - 3 - 2020  65,55  70,675
26 - 3 - 2020  67  74,32
27 - 3 - 2020  70,71  75,06
30 - 3 - 2020  72,67  76,24
31 - 4 - 2020  74,44  77,92
1 - 4 - 2020  71,43  73,99
2 - 4 - 2020  71,46  75,5
3 - 4 - 2020  72,55  75,44
6 - 4 - 2020  74,03  77,26
7 - 4 - 2020  75  78,575
8 - 4 - 2020  74,782  78,98
9 - 4 - 2020  78  80,15
13 - 4 - 2020  78,66  81,33
14 - 4 - 2020  80,29  82,85
15 - 4 - 2020  79,62  83,04
16 - 4 - 2020  81,58  83,72
17 - 4 - 2020  82,5  84,79
20 - 4 - 2020  82,63  85,33
21 - 4 - 2020  80,02  83,18
22 - 4 - 2020  80,73  82,45
23 - 4 - 2020  81,11  83,83
24 - 4 - 2020  82,34  83,75
27 - 4 - 2020  83,779  84,95
28 - 4 - 2020  82,37  85,97
29 - 4 - 2020  82,14  84,75
30 - 5 - 2020  81,23  83,8
1 - 5 - 2020  80,5  84,23
4 - 5 - 2020  81,12  82,84
5 - 5 - 2020  82,51  86,48
6 - 5 - 2020  85  88,145
7 - 5 - 2020  83,56  86,84
8 - 5 - 2020  82,45  84,93
11 - 5 - 2020  83,75  88,46
12 - 5 - 2020  88,47  92,23
13 - 5 - 2020  87,735  92,24
14 - 5 - 2020  87,428  90,48
15 - 5 - 2020  88,9  91,15
18 - 5 - 2020  91,31  93,66
19 - 5 - 2020  89,56  91,85
20 - 5 - 2020  89,9  92,54
21 - 5 - 2020  90,35  93,13
22 - 5 - 2020  91,73  93,01
26 - 5 - 2020  90,31  93,79
27 - 5 - 2020  88,56  91,48
28 - 5 - 2020  90  91,19
29 - 6 - 2020  89,6  92,885
1 - 6 - 2020  90,69  93,06
2 - 6 - 2020  90,05  91,697
3 - 6 - 2020  89,6  91,5
4 - 6 - 2020  90,2  93,48
5 - 6 - 2020  92,81  95,54
8 - 6 - 2020  92,81  95,01
9 - 6 - 2020  94  96,66
10 - 6 - 2020  96,17  99,347
11 - 6 - 2020  92  96,889
12 - 6 - 2020  91,03  94,74
15 - 6 - 2020  90,78  94,025
16 - 6 - 2020  93,48  96,27
17 - 6 - 2020  95,05  97,1
18 - 6 - 2020  95,105  96,45
19 - 6 - 2020  95,75  98,23
22 - 6 - 2020  95,815  97,46
23 - 6 - 2020  97,02  99,1
24 - 6 - 2020  94,35  97,31
25 - 6 - 2020  94,32  98,3
26 - 6 - 2020  95,04  97,55
29 - 6 - 2020  95,68  97,33
30 - 7 - 2020  95,58  98,88
1 - 7 - 2020  97,5  99,655
2 - 7 - 2020  97,86  99,99
6 - 7 - 2020  97,95  99,95
7 - 7 - 2020  98,5  100,69
8 - 7 - 2020  98,55  100,57
9 - 7 - 2020  96,81  99,78
10 - 7 - 2020  96,36  98,33
13 - 7 - 2020  96,92  99,56
14 - 7 - 2020  95,94  99,75
15 - 7 - 2020  98,82  100,48
16 - 7 - 2020  98,81  100,23
17 - 7 - 2020  99,92  101,28
20 - 7 - 2020  99,255  101,35
21 - 7 - 2020  97,17  100
22 - 7 - 2020  96,93  98,28
23 - 7 - 2020  97,36  98,92
24 - 7 - 2020  96,46  98,19
27 - 7 - 2020  96,26  97,89
28 - 7 - 2020  96,455  97,62
29 - 7 - 2020  96,642  97,4
30 - 7 - 2020  95,405  97,01
31 - 8 - 2020  93,55  97,8
3 - 8 - 2020  95,06  97,17
4 - 8 - 2020  94,055  96,14
5 - 8 - 2020  93,129  94,8
6 - 8 - 2020  91,78  93,65
7 - 8 - 2020  92,2  93
10 - 8 - 2020  92,15  93,67
11 - 8 - 2020  92,13  93,29
12 - 8 - 2020  92,87  95,58
13 - 8 - 2020  94,005  95,5
14 - 8 - 2020  94,52  95,67
17 - 8 - 2020  95,26  97,26
18 - 8 - 2020  95,146  96,9
19 - 8 - 2020  95,85  97,67
20 - 8 - 2020  94,682  96,03
21 - 8 - 2020  94,32  95,48
24 - 8 - 2020  94,18  95,3
25 - 8 - 2020  93,91  94,79
26 - 8 - 2020  92,94  94,41
27 - 8 - 2020  93,67  95,06
28 - 8 - 2020  93,53  94,8
31 - 9 - 2020  94,01  96,01
1 - 9 - 2020  91,29  95,92
2 - 9 - 2020  91,9  94,24
3 - 9 - 2020  91,09  94,31
4 - 9 - 2020  90,58  93,133
8 - 9 - 2020  89,45  92
9 - 9 - 2020  90,51  92,43
10 - 9 - 2020  89,48  91,95
11 - 9 - 2020  89,04  90,34
14 - 9 - 2020  89,46  91,26
15 - 9 - 2020  90,635  91,98
16 - 9 - 2020  89,65  91,45
17 - 9 - 2020  89,175  90,81
18 - 9 - 2020  88,86  90,5
21 - 9 - 2020  87,17  89,43
22 - 9 - 2020  87,93  89,5
23 - 9 - 2020  87,119  89,49
24 - 9 - 2020  85,32  87,3
25 - 9 - 2020  85,46  86,86
28 - 9 - 2020  86,87  88,2
29 - 9 - 2020  86,31  87,71
30 - 10 - 2020  86,78  88,44
1 - 10 - 2020  86,73  88,45
2 - 10 - 2020  86  87,35
5 - 10 - 2020  86,21  88,27
6 - 10 - 2020  85,7  88,16
7 - 10 - 2020  85,87  87,298
8 - 10 - 2020  86,92  88,58
9 - 10 - 2020  87,35  88,7
12 - 10 - 2020  87,32  88,75
13 - 10 - 2020  87,47  88,8
14 - 10 - 2020  85,9  87,112
15 - 10 - 2020  84,96  85,74
16 - 10 - 2020  85,4  87,15
19 - 10 - 2020  84,13  86,79
20 - 10 - 2020  83,42  84,83
21 - 10 - 2020  82,56  84,22
22 - 10 - 2020  82,89  84,89
23 - 10 - 2020  83,94  85,15
26 - 10 - 2020  82,81  84,32
27 - 10 - 2020  82,55  84,26
28 - 10 - 2020  80,235  82,21
29 - 10 - 2020  79,11  81,37
30 - 11 - 2020  81,25  86,14
2 - 11 - 2020  85,9  88,54
3 - 11 - 2020  87,43  89,385
4 - 11 - 2020  90  97,49
5 - 11 - 2020  93  95,8
6 - 11 - 2020  91,71  93,65
9 - 11 - 2020  94,67  96,95
10 - 11 - 2020  95,625  99,13
11 - 11 - 2020  97,765  99,87
12 - 11 - 2020  96,28  97,99
13 - 11 - 2020  97,26  99,55
16 - 11 - 2020  98,33  100,55
17 - 11 - 2020  98,74  100,26
18 - 11 - 2020  98,68  100,43
19 - 11 - 2020  98,59  100,15
20 - 11 - 2020  98,62  101,83
23 - 11 - 2020  101,065  102,76
24 - 11 - 2020  102,58  104,82
25 - 11 - 2020  103,39  104,5
27 - 11 - 2020  104,25  105,8
30 - 12 - 2020  103,648  105,415
1 - 12 - 2020  104  106,38
2 - 12 - 2020  103,32  105,38
3 - 12 - 2020  104,3  105,7
4 - 12 - 2020  104,99  107,39
7 - 12 - 2020  104,96  107,35
8 - 12 - 2020  105,013  108,35
9 - 12 - 2020  107,63  109,15
10 - 12 - 2020  106,67  109,28
11 - 12 - 2020  105,58  107,64
14 - 12 - 2020  104,007  108,07
15 - 12 - 2020  102,32  105,9
16 - 12 - 2020  101,903  105,41
17 - 12 - 2020  104,11  105,5
18 - 12 - 2020  103,2  105,2
21 - 12 - 2020  101,548  104,45
22 - 12 - 2020  102,01  103,93
23 - 12 - 2020  102,91  103,925
24 - 12 - 2020  102,6  103,75
28 - 12 - 2020  102,72  103,88
29 - 12 - 2020  103,849  105,37
30 - 12 - 2020  105,01  106,227
31 - 1 - 2021  104,85  107,294
4 - 1 - 2021  103,86  108,15
5 - 1 - 2021  104,63  107,02
6 - 1 - 2021  103,81  107,19
7 - 1 - 2021  105,566  107,064
8 - 1 - 2021  105,762  107,53
11 - 1 - 2021  106,7  109,56
12 - 1 - 2021  109,06  110,78
13 - 1 - 2021  109,15  113,41
14 - 1 - 2021  109,5  112,69
15 - 1 - 2021  109,48  111,56
19 - 1 - 2021  110,26  112,31
20 - 1 - 2021  111,47  113,1
21 - 1 - 2021  110,76  112,97
22 - 1 - 2021  109,48  111,6
25 - 1 - 2021  109,21  111,23
26 - 1 - 2021  108,56  111,35
27 - 1 - 2021  102,5  108
28 - 1 - 2021  102,92  105,138
29 - 2 - 2021  101,812  104,85
1 - 2 - 2021  101,86  103,893
2 - 2 - 2021  102,5  104,31
3 - 2 - 2021  103,43  107,76
4 - 2 - 2021  105,25  108,875
5 - 2 - 2021  108,44  110,27
8 - 2 - 2021  105,81  109,744
9 - 2 - 2021  105,11  106,75
10 - 2 - 2021  103,72  106,406
11 - 2 - 2021  103,32  104,68
12 - 2 - 2021  103,15  104,57
16 - 2 - 2021  104,01  106,19
17 - 2 - 2021  104,148  106,75
18 - 2 - 2021  105,21  106,61
19 - 2 - 2021  104,91  106,78
22 - 2 - 2021  104,23  107,68
23 - 2 - 2021  105,96  107,6
24 - 2 - 2021  105,602  109,44
25 - 2 - 2021  107,06  109,4
26 - 3 - 2021  105,36  108,58
1 - 3 - 2021  108  109,21
2 - 3 - 2021  107,72  109,38
3 - 3 - 2021  105,46  108,39
4 - 3 - 2021  104,95  107,75
5 - 3 - 2021  104,07  107
8 - 3 - 2021  105,804  108,155
9 - 3 - 2021  106,12  108,69
10 - 3 - 2021  106,85  108,36
11 - 3 - 2021  107,34  108,8
12 - 3 - 2021  107,372  108,58
15 - 3 - 2021  108,36  110,88
16 - 3 - 2021  109,76  111,08
17 - 3 - 2021  101  110,8
18 - 3 - 2021  103,42  105,65
19 - 3 - 2021  102,92  104,43
22 - 3 - 2021  102,88  106,4
23 - 3 - 2021  104,51  105,94
24 - 3 - 2021  103,05  105,33
25 - 3 - 2021  102,05  104,15
26 - 3 - 2021  103,84  106,98
29 - 3 - 2021  105,49  107
30 - 3 - 2021  105,87  107,03
31 - 4 - 2021  106,71  109,18
1 - 4 - 2021  107,32  109,14
5 - 4 - 2021  105,4  109,09
6 - 4 - 2021  104,88  106,45
7 - 4 - 2021  104,17  106,13
8 - 4 - 2021  105,23  106,92
9 - 4 - 2021  106,05  107,72
12 - 4 - 2021  107,36  108,57
13 - 4 - 2021  107,03  108,355
14 - 4 - 2021  105,58  107,24
15 - 4 - 2021  105,62  106,99
16 - 4 - 2021  106,59  108,55
19 - 4 - 2021  107,12  108,73
20 - 4 - 2021  108,01  109,56
21 - 4 - 2021  108,95  111,44
22 - 4 - 2021  109,61  111,25
23 - 4 - 2021  109,55  111,77
26 - 4 - 2021  110,85  112,04
27 - 4 - 2021  110,58  111,85
28 - 4 - 2021  111,32  112,57
29 - 4 - 2021  110,33  112,7
30 - 5 - 2021  110,11  113,44
3 - 5 - 2021  111,59  115,1
4 - 5 - 2021  113,05  115,94
5 - 5 - 2021  113,95  116,28
6 - 5 - 2021  114,16  116,19
7 - 5 - 2021  114,96  116,93
10 - 5 - 2021  115,75  117,2
11 - 5 - 2021  114,38  116,57
12 - 5 - 2021  114,44  116
13 - 5 - 2021  114,92  117,2
14 - 5 - 2021  116,25  117,67
17 - 5 - 2021  116,24  117,705
18 - 5 - 2021  115,32  117,9
19 - 5 - 2021  114,38  116,5
20 - 5 - 2021  115,12  117,34
21 - 5 - 2021  116,06  118,28
24 - 5 - 2021  115,59  116,81
25 - 5 - 2021  114,192  116,29
26 - 5 - 2021  113,762  115
27 - 5 - 2021  112  115,25
28 - 6 - 2021  112,86  114,48
1 - 6 - 2021  112,04  113,99
2 - 6 - 2021  110,85  112,66
3 - 6 - 2021  110,65  112,41
4 - 6 - 2021  112,16  113,11
7 - 6 - 2021  112,33  114,106
8 - 6 - 2021  111,82  113,2
9 - 6 - 2021  112,12  114,42
10 - 6 - 2021  114,1  116,99
11 - 6 - 2021  114,87  116,5
14 - 6 - 2021  114,185  115,74
15 - 6 - 2021  114,52  115,94
16 - 6 - 2021  115,17  116,525
17 - 6 - 2021  114,03  115,89
18 - 6 - 2021  112,91  114,8
21 - 6 - 2021  112,77  115,25
22 - 6 - 2021  113,88  115,284
23 - 6 - 2021  113,95  115,025
24 - 6 - 2021  114,26  116,19
25 - 6 - 2021  111,75  115,05
28 - 6 - 2021  112,84  114,11
29 - 6 - 2021  111,61  113
30 - 7 - 2021  111,63  112,92
1 - 7 - 2021  112,89  114,55
2 - 7 - 2021  113,89  115,49
6 - 7 - 2021  114,77  115,9
7 - 7 - 2021  115,31  116,97
8 - 7 - 2021  115,01  116,81
9 - 7 - 2021  116,11  117,325
12 - 7 - 2021  116,5  118,35
13 - 7 - 2021  116,69  118,09
14 - 7 - 2021  116,39  117,55
15 - 7 - 2021  115,75  117,49
16 - 7 - 2021  115,23  118,33
19 - 7 - 2021  113,74  117
20 - 7 - 2021  114,92  117,734
21 - 7 - 2021  115,79  117,07
22 - 7 - 2021  115,25  117,913
23 - 7 - 2021  117,57  118,67
26 - 7 - 2021  117,24  118,47
27 - 7 - 2021  116,76  118,3
28 - 7 - 2021  117,3  118,94
29 - 7 - 2021  118,145  119,13
30 - 8 - 2021  116,12  119,37
2 - 8 - 2021  115,41  117,24
3 - 8 - 2021  114,889  116,27
4 - 8 - 2021  115,35  116,47
